    0.0 0.0
    0.0111 455.7547
    0.0178 540.8042
    0.0245 555.7937
    0.0312 558.2735
    0.038 558.5113
    0.0447 558.3393
    0.0514 558.088
    0.0581 557.8177
    0.0649 557.5395
    0.0716 557.2556
    0.0783 556.9663
    0.085 556.6717
    0.0917 556.3719
    0.0985 556.0668
    0.1052 555.7565
    0.1119 555.4408
    0.1186 555.12
    0.1253 554.7938
    0.1321 554.4624
    0.1388 554.1257
    0.1455 553.7838
    0.1522 553.4366
    0.1589 553.0842
    0.1657 552.7265
    0.1724 552.3635
    0.1791 551.9953
    0.1858 551.6219
    0.1925 551.2431
    0.1993 550.8592
    0.206 550.4699
    0.2127 550.0754
    0.2194 549.6757
    0.2261 549.2707
    0.2329 548.8605
    0.2396 548.445
    0.2463 548.0243
    0.253 547.5983
    0.2597 547.1671
    0.2665 546.7306
    0.2732 546.2889
    0.2799 545.8419
    0.2866 545.3897
    0.2933 544.9322
    0.3 544.4695
    0.3068 544.0016
    0.3135 543.5284
    0.3202 543.05
    0.3269 542.5664
    0.3336 542.0775
    0.3404 541.5834
    0.3471 541.084
    0.3538 540.5794
    0.3605 540.0696
    0.3672 539.5546
    0.374 539.0343
    0.3807 538.5088
    0.3874 537.978
    0.3941 537.4421
    0.4008 536.9009
    0.4075 536.3544
    0.4143 535.8028
    0.421 535.2459
    0.4277 534.6838
    0.4344 534.1165
    0.4411 533.544
    0.4478 532.9662
    0.4546 532.3833
    0.4613 531.7951
    0.468 531.2017
    0.4747 530.6031
    0.4814 529.9993
    0.4882 529.3902
    0.4949 528.776
    0.5016 528.1566
    0.5083 527.5319
    0.515 526.902
    0.5217 526.267
    0.5285 525.6267
    0.5352 524.9812
    0.5419 524.3306
    0.5486 523.6747
    0.5553 523.0136
    0.562 522.3474
    0.5687 521.6759
    0.5755 520.9993
    0.5822 520.3174
    0.5889 519.6304
    0.5956 518.9382
    0.6023 518.2408
    0.609 517.5382
    0.6158 516.8304
    0.6225 516.1175
    0.6292 515.3993
    0.6359 514.676
    0.6426 513.9475
    0.6493 513.2139
    0.656 512.475
    0.6628 511.731
    0.6695 510.9818
    0.6762 510.2275
    0.6829 509.468
    0.6896 508.7033
    0.6963 507.9334
    0.703 507.1584
    0.7098 506.3783
    0.7165 505.5929
    0.7232 504.8025
    0.7299 504.0068
    0.7366 503.206
    0.7433 502.4001
    0.75 501.589
    0.7567 500.7728
    0.7635 499.9514
    0.7702 499.1249
    0.7769 498.2932
    0.7836 497.4564
    0.7903 496.6145
    0.797 495.7674
    0.8037 494.9152
    0.8104 494.0578
    0.8172 493.1954
    0.8239 492.3278
    0.8306 491.4551
    0.8373 490.5772
    0.844 489.6943
    0.8507 488.8062
    0.8574 487.913
    0.8641 487.0147
    0.8708 486.1113
    0.8776 485.2028
    0.8843 484.2892
    0.891 483.3704
    0.8977 482.4466
    0.9044 481.5177
    0.9111 480.5836
    0.9178 479.6445
    0.9245 478.7003
    0.9312 477.751
    0.9379 476.7966
    0.9446 475.8371
    0.9514 474.8726
    0.9581 473.9029
    0.9648 472.9282
    0.9715 471.9484
    0.9782 470.9636
    0.9849 469.9737
    0.9916 468.9787
    0.9983 467.9786
    1.005 466.9735
    1.0117 465.9633
    1.0184 464.9481
    1.0251 463.9278
    1.0318 462.9025
    1.0386 461.8721
    1.0453 460.8367
    1.052 459.7963
    1.0587 458.7508
    1.0654 457.7002
    1.0721 456.6447
    1.0788 455.5841
    1.0855 454.5185
    1.0922 453.4478
    1.0989 452.3722
    1.1056 451.2915
    1.1123 450.2058
    1.119 449.1151
    1.1257 448.0194
    1.1324 446.9187
    1.1391 445.813
    1.1458 444.7024
    1.1525 443.5867
    1.1592 442.466
    1.1659 441.3403
    1.1727 440.2097
    1.1794 439.0741
    1.1861 437.9335
    1.1928 436.7879
    1.1995 435.6374
    1.2062 434.4819
    1.2129 433.3214
    1.2196 432.156
    1.2263 430.9856
    1.233 429.8103
    1.2397 428.63
    1.2464 427.4448
    1.2531 426.2547
    1.2598 425.0596
    1.2665 423.8596
    1.2732 422.6547
    1.2799 421.4448
    1.2866 420.2301
    1.2933 419.0104
    1.3 417.7858
    1.3067 416.5563
    1.3134 415.3219
    1.3201 414.0826
    1.3268 412.8384
    1.3335 411.5894
    1.3402 410.3354
    1.3469 409.0766
    1.3536 407.8129
    1.3603 406.5443
    1.3669 405.2709
    1.3736 403.9926
    1.3803 402.7094
    1.387 401.4214
    1.3937 400.1286
    1.4004 398.8309
    1.4071 397.5284
    1.4138 396.221
    1.4205 394.9089
    1.4272 393.5919
    1.4339 392.2701
    1.4406 390.9434
    1.4473 389.612
    1.454 388.2758
    1.4607 386.9348
    1.4674 385.589
    1.4741 384.2384
    1.4808 382.883
    1.4875 381.5229
    1.4941 380.158
    1.5008 378.7883
    1.5075 377.4139
    1.5142 376.0348
    1.5209 374.6509
    1.5276 373.2622
    1.5343 371.8688
    1.541 370.4708
    1.5477 369.0679
    1.5544 367.6604
    1.561 366.2482
    1.5677 364.8313
    1.5744 363.4096
    1.5811 361.9833
    1.5878 360.5523
    1.5945 359.1167
    1.6012 357.6764
    1.6079 356.2314
    1.6146 354.7817
    1.6212 353.3274
    1.6279 351.8685
    1.6346 350.405
    1.6413 348.9368
    1.648 347.464
    1.6547 345.9866
    1.6614 344.5046
    1.668 343.018
    1.6747 341.5268
    1.6814 340.0311
    1.6881 338.5307
    1.6948 337.0258
    1.7015 335.5164
    1.7081 334.0024
    1.7148 332.4838
    1.7215 330.9608
    1.7282 329.4332
    1.7349 327.9011
    1.7415 326.3645
    1.7482 324.8234
    1.7549 323.2778
    1.7616 321.7277
    1.7683 320.1732
    1.7749 318.6142
    1.7816 317.0507
    1.7883 315.4828
    1.795 313.0577
    1.8018 310.1562
    1.8085 308.2215
    1.8152 306.6899
    1.8219 305.3254
    1.8286 304.0287
    1.8353 302.7581
    1.842 301.4957
    1.8487 300.234
    1.8554 298.9697
    1.8621 297.7016
    1.8687 296.429
    1.8702 255.7483
    1.8717 220.3813
    1.8732 189.6487
    1.8746 162.9566
    1.8761 139.7857
    1.8776 119.6822
    1.8791 102.2492
    1.8805 87.14
    1.882 74.0515
    1.8835 62.7187
    1.885 52.9097
    1.8864 44.4216
    1.8879 37.0763
    1.8894 30.717
    1.8909 25.2047
    1.8923 0.0